4294967279,36
4294967278,239
4294967279,336
4294967278,237
4294967279,37
4294967279,239
4294967278,338
4294967279,39
4294967279,38
4294967279,335
4294967278,235
4294967279,235
4294967278,232
4294967279,43
4294967279,42
4294967279,41
4294967279,40
4294967279,233
4294967278,231
4294967279,231
4294967278,229
4294967279,50
4294967279,49
4294967279,48
4294967279,47
4294967279,46
4294967279,45
4294967279,44
4294967294,415
4294967279,229
4294967278,227
4294967278,222
4294967278,223
4294967278,225
4294967279,225
4294967279,58
4294967279,57
4294967279,56
4294967279,55
4294967279,54
4294967279,53
4294967279,52
4294967279,51
4294967279,223
4294967278,220
14,4
4294967279,75
4294967279,74
4294967279,73
4294967279,72
4294967279,71
4294967279,70
4294967279,69
4294967279,68
4294967279,67
4294967279,66
4294967279,65
4294967279,64
4294967279,63
4294967279,62
4294967279,61
4294967279,60
4294967279,59
4294967278,219
4294967279,219
4294967278,217
4294967279,215
4294967278,337
4294967279,214
4294967278,212
4294967279,213
4294967278,211
14,5
4294967278,209
4294967279,212
4294967278,210
14,3
14,2
14,1
4294967278,336
4294967279,211
4294967278,335
4294967279,334
4294967278,334
4294967279,333
4294967278,333
4294967279,206
4294967278,204
4294967279,205
4294967278,203
13,5
4294967278,201
4294967279,204
4294967278,202
13,3
13,2
13,1
4294967278,332
4294967279,203
4294967279,332
4294967278,331
4294967278,198
4294967279,201
4294967278,199
4294967278,330
4294967279,200
4294967279,81
4294967279,79
4294967279,78
4294967279,77
4294967279,76
4294967279,199
4294967278,329
4294967278,195
4294967278,328
4294967278,327
4294967279,331
4294967279,330
4294967279,82
4294967278,326
4294967278,192
4294967278,325
4294967278,324
4294967279,329
4294967279,80
4294967279,85
4294967279,84
4294967279,83
4294967279,328
4294967278,323
4294967279,327
4294967278,190
4294967279,90
4294967279,89
4294967279,87
4294967279,86
4294967279,326
4294967278,322
4294967279,325
4294967278,321
4294967279,324
4294967278,320
4294967278,186
4294967279,95
4294967279,94
4294967279,93
4294967279,92
4294967279,91
4294967279,323
4294967278,319
6,5
4294967279,322
4294967278,184
4294967279,103
4294967279,102
4294967279,101
4294967279,100
4294967279,99
4294967279,98
4294967279,97
4294967279,96
4294967279,321
4294967278,318
4294967278,317
4294967294,392
4294967294,389
4294967294,120
4294967294,114
4294967294,89
4294967279,320
4294967278,316
4294967279,319
4294967278,315
4294967278,179
4294967279,318
4294967278,178
4294967278,314
4294967278,177
4294967278,176
4294967278,175
11,4
11,3
11,2
11,1
4294967279,317
4294967278,173
4294967279,107
4294967279,106
4294967279,105
4294967279,104
4294967278,313
4294967279,316
4294967278,171
4294967278,312
4294967279,315
3,2
4294967278,169
6,6
4294967278,311
4294967279,314
4294967278,310
4294967279,313
4294967278,167
6,4
3,4
4294967279,113
4294967279,112
4294967279,111
4294967279,110
4294967279,109
4294967279,108
6,1
4294967279,312
4294967278,309
4294967279,311
4294967278,165
4294967279,128
4294967279,127
4294967279,126
4294967279,125
4294967279,124
4294967279,123
4294967279,122
4294967279,121
4294967279,120
4294967279,119
4294967279,118
4294967279,117
4294967279,116
4294967279,115
4294967279,114
4294967278,308
4294967279,310
4294967278,298
4294967278,307
4294967278,159
4294967278,158
4294967278,306
4294967278,157
4294967278,155
4294967278,153
10,4
4294967278,154
10,2
10,1
4294967278,305
4294967278,22
4294967278,21
4294967278,20
4294967278,19
4294967278,18
4294967278,17
4294967278,16
4294967278,15
4294967278,14
4294967278,13
4294967278,12
4294967278,11
4294967278,10
4294967278,9
4294967278,8
4294967278,7
4294967278,6
4294967278,5
4294967278,4
4294967279,132
4294967279,131
4294967279,130
4294967279,129
9,4
4294967294,429
4294967294,2
4294967294,390
4294967278,293
4294967278,292
4294967279,291
4294967278,148
4294967279,148
4294967278,147
4294967279,147
9,5
4294967279,145
4294967278,146
4294967279,146
9,2
9,1
4294967279,309
4294967278,145
